=== FPS determinism check ===

Seeds tested: [2021, 2022, 2023]
random_start=False — all seeds produce identical indices: True

Per-seed comparison (random_start=False):
  seed 2021: MATCH vs seed 2021
  seed 2022: MATCH vs seed 2021
  seed 2023: MATCH vs seed 2021

Per-seed indices (random_start=False):
  seed 2021: [0, 4, 16, 15, 30, 13, 23, 19, 27, 20, 3, 7, 8, 21, 28, 2, 32, 46, 45, 49, 59, 41, 62, 63, 33, 47, 35, 54, 36, 50, 44, 38]
  seed 2022: [0, 4, 16, 15, 30, 13, 23, 19, 27, 20, 3, 7, 8, 21, 28, 2, 32, 46, 45, 49, 59, 41, 62, 63, 33, 47, 35, 54, 36, 50, 44, 38]
  seed 2023: [0, 4, 16, 15, 30, 13, 23, 19, 27, 20, 3, 7, 8, 21, 28, 2, 32, 46, 45, 49, 59, 41, 62, 63, 33, 47, 35, 54, 36, 50, 44, 38]

Per-seed indices (random_start=True, for reference):
  seed 2021: [7, 4, 15, 25, 30, 16, 27, 24, 8, 0, 28, 20, 19, 21, 23, 2, 38, 46, 48, 44, 35, 59, 63, 56, 42, 37, 54, 33, 50, 60, 53, 39]
  seed 2022: [9, 16, 13, 15, 30, 4, 19, 20, 11, 23, 27, 2, 7, 28, 21, 8, 51, 56, 46, 59, 54, 62, 63, 43, 37, 38, 33, 42, 40, 58, 34, 53]
  seed 2023: [17, 16, 13, 19, 4, 15, 30, 20, 11, 27, 2, 7, 21, 23, 8, 6, 63, 45, 46, 49, 58, 41, 59, 62, 33, 47, 35, 51, 54, 36, 44, 38]
